# N 16
37 244 193 106 235 128 71 255 140 47 103 184 72 20 188 238
255 126 7 0 137 195 204 32 203 170 101 77 133 30 193 255
79 203 145 37 192 83 112 60 144 128 163 23 129 80 134 101
204 191 174 47 71 30 78 99 237 170 118 88 252 121 116 171
134 141 146 101 25 125 127 239 178 228 239 137 20 213 167 216
254 84 80 107 101 177 50 80 146 139 106 175 212 201 72 134
139 251 86 52 252 32 134 113 234 77 204 224 156 146 197 58
157 223 2 7 142 89 207 136 50 194 163 171 68 106 249 233
215 124 212 106 215 95 11 117 233 75 6 143 241 66 66 110
247 101 240 35 222 173 106 240 96 199 182 50 86 132 68 199
141 152 253 204 233 215 73 183 137 253 223 247 7 132 129 205
63 145 60 80 61 203 193 23 22 14 60 177 57 165 165 132
1 10 91 224 128 247 113 221 60 241 4 229 209 248 66 212
8 117 197 21 216 226 96 212 141 126 255 9 115 154 230 69
175 1 122 43 234 143 42 15 121 242 205 224 200 185 167 171
30 66 45 25 71 36 211 151 131 181 205 107 198 133 241 171
