139962 124516 113115 119703 174178 127190 160726 136470 149687 120715 118189 86137 132217 133956
161734 126056 119175 71925 137007 100815 140604 124366 176657 116252 135224 95213 145961 115866
170762 143994 124025 64847 100552 97725 157602 158528 189558 156077 167017 107503 161046 154470
166964 131193 105004 100912 91454 137230 138343 192476 200408 173708 148961 173270 154431 183193
168402 124429 107338 130710 101740 128768 134273 160366 166596 179950 184399 183148 147771 178486
154611 125880 116952 85647 160396 114224 153797 117103 181063 166788 175884 179267 173074 151878
139102 143574 110688 94497 168877 101748 136200 158975 144606 149815 147130 166060 160828 151234
197228 137642 158764 110969 146044 128726 148001 139073 132433 144508 134147 120105 135593 122588
219630 136908 225176 153630 178165 166985 117398 195382 170163 153446 140879 122507 109440 142408
184136 156548 196069 167912 173689 188795 119875 170260 143291 193488 131682 146686 96595 164886
87916 130899 137197 179281 169120 162192 122329 103574 101089 153093 122501 190419 129859 164503
68637 124370 116530 184857 155141 208464 124705 164499 77692 170165 119756 186381 148663 201229
86063 78450 166326 162068 170016 187251 114510 167131 175677 154437 173663 160957 191066 165296
104230 60623 141903 97585 149464 126835 121067 154805 178096 204800 198054 165633 186218 184656
