0 0 0 0 0 0 0 0 
0 0 0 0 0 0 0 0 
0 0 0 0 0 0 0 0 
0 0 0 0 0 0 0 0 
0 0 0 0 0 0 0 0 
0 0 0 0 0 0 0 0 
0 0 0 0 0 0 0 0 
11236 0 0 0 0 0 0 0 
68399 0 0 0 0 0 0 0 
106194 0 0 0 0 0 0 0 
51753 0 0 0 0 0 0 0 
41993 0 0 0 0 0 0 0 
49109 0 0 0 0 0 0 0 
58157 0 0 0 0 0 0 0 
94662 0 0 0 0 0 0 0 
75412 0 0 0 0 0 0 0 
33683 0 0 0 0 0 0 0 
101298 0 0 0 0 0 0 0 
76078 0 0 0 0 0 0 0 
62221 0 0 0 0 0 0 0 
62221 0 0 0 0 0 0 0 
62221 0 0 0 0 0 0 0 
62221 0 0 0 0 0 0 0 
62221 0 0 0 0 0 0 0 
62221 0 0 0 0 0 0 0 
62221 0 0 0 0 0 0 0 
62221 0 0 0 0 0 0 0 
62221 0 0 0 0 0 0 0 
62221 0 0 0 0 0 0 0 
62221 0 0 0 0 0 0 0 
63917 0 0 0 0 0 0 0 
70306 0 0 0 0 0 0 0 
79788 0 0 0 0 0 0 0 
34186 0 0 0 0 0 0 0 
47886 0 0 0 0 0 0 0 
68481 0 0 0 0 0 0 0 
32282 0 0 0 0 0 0 0 
60971 0 0 0 0 0 0 0 
90487 0 0 0 0 0 0 0 
35462 0 0 0 0 0 0 0 
0 0 0 0 0 0 0 0 
0 0 0 0 0 0 0 0 
0 0 0 0 0 0 0 0 
0 0 0 0 0 0 0 0 
0 0 0 0 0 0 0 0 
0 0 0 0 0 0 0 0 
0 0 0 0 0 0 0 0 
0 0 0 0 0 0 0 0 
0 0 0 0 0 0 0 0 
0 0 0 0 0 0 0 0 
0 0 0 0 0 0 0 0 
0 0 0 0 0 0 0 0 
14946 0 0 0 0 0 0 0 
76627 0 0 0 0 0 0 0 
83598 0 0 0 0 0 0 0 
98900 0 0 0 0 0 0 0 
64861 0 0 0 0 0 0 0 
92974 0 0 0 0 0 0 0 
82158 0 0 0 0 0 0 0 
59523 0 0 0 0 0 0 0 
74961 0 0 0 0 0 0 0 
67771 0 0 0 0 0 0 0 
110290 0 0 0 0 0 0 0 
86748 0 0 0 0 0 0 0 
86748 0 0 0 0 0 0 0 
86748 0 0 0 0 0 0 0 
86748 0 0 0 0 0 0 0 
86748 0 0 0 0 0 0 0 
86748 0 0 0 0 0 0 0 
86748 0 0 0 0 0 0 0 
86748 0 0 0 0 0 0 0 
86748 0 0 0 0 0 0 0 
86748 0 0 0 0 0 0 0 
86748 0 0 0 0 0 0 0 
74452 0 0 0 0 0 0 0 
61513 0 0 0 0 0 0 0 
107110 0 0 0 0 0 0 0 
81947 0 0 0 0 0 0 0 
13886 0 0 0 0 0 0 0 
56369 0 0 0 0 0 0 0 
81923 0 0 0 0 0 0 0 
48224 0 0 0 0 0 0 0 
58589 0 0 0 0 0 0 0 
16390 0 0 0 0 0 0 0 
0 0 0 0 0 0 0 0 
0 0 0 0 0 0 0 0 
0 0 0 0 0 0 0 0 
0 0 0 0 0 0 0 0 
0 0 0 0 0 0 0 0 
0 0 0 0 0 0 0 0 
0 0 0 0 0 0 0 0 
0 0 0 0 0 0 0 0 
0 0 0 0 0 0 0 0 
0 0 0 0 0 0 0 0 
0 0 0 0 0 0 0 0 
0 0 0 0 0 0 0 0 
0 0 0 0 0 0 0 0 
0 0 0 0 0 0 0 0 
0 0 0 0 0 0 0 0 
0 0 0 0 0 0 0 0 
0 0 0 0 0 0 0 0 
0 0 0 0 0 0 0 0 
0 0 0 0 0 0 0 0 
0 0 0 0 0 0 0 0 
0 0 0 0 0 0 0 0 
0 0 0 0 0 0 0 0 
0 0 0 0 0 0 0 0 
0 0 0 0 0 0 0 0 
0 0 0 0 0 0 0 0 
0 0 0 0 0 0 0 0 
