0 0 0 0 0 0 0 0 
0 0 0 0 0 0 0 0 
0 0 0 0 0 0 0 0 
0 0 0 0 0 0 0 0 
0 0 0 0 0 0 0 0 
0 0 0 0 0 0 0 0 
4503 5985 5985 6042 6042 0 0 0 
72261 19957 17647 64352 64352 0 0 0 
40325 37338 23485 72696 72696 0 0 0 
17439 23730 37338 75028 72696 0 0 0 
21752 19600 23730 92337 75028 0 0 0 
43273 32319 19600 51753 92337 0 0 0 
65954 22106 32319 41993 51753 0 0 0 
59140 36120 22106 49109 41993 0 0 0 
19800 24360 36120 58157 49109 0 0 0 
69890 21161 24360 94662 58157 0 0 0 
55596 39452 21161 75412 94662 0 0 0 
50388 30590 39452 33683 75412 0 0 0 
50388 24731 30590 101298 33683 0 0 0 
50388 24731 24731 76078 101298 0 0 0 
50388 24731 24731 62221 76078 0 0 0 
50388 24731 24731 62221 62221 0 0 0 
50388 24731 24731 62221 62221 0 0 0 
50388 24731 24731 62221 62221 0 0 0 
50388 24731 24731 62221 62221 0 0 0 
50388 24731 24731 62221 62221 0 0 0 
50388 24731 24731 62221 62221 0 0 0 
50388 24731 24731 62221 62221 0 0 0 
51300 24731 24731 62221 62221 0 0 0 
58242 26411 24731 62221 62221 0 0 0 
57591 26348 26411 62221 62221 0 0 0 
27981 34265 26348 63917 62221 0 0 0 
31447 10325 34265 70306 63917 0 0 0 
46518 23807 10325 79788 70306 0 0 0 
18810 26509 23807 34186 79788 0 0 0 
52811 20076 26509 47886 34186 0 0 0 
71218 21322 20076 68481 47886 0 0 0 
13328 24339 21322 32282 68481 0 0 0 
0 14994 24339 60971 32282 0 0 0 
0 0 14994 90487 60971 0 0 0 
0 0 0 35462 90487 0 0 0 
0 0 0 0 35462 0 0 0 
0 0 0 0 0 0 0 0 
0 0 0 0 0 0 0 0 
0 0 0 0 0 0 0 0 
0 0 0 0 0 0 0 0 
0 0 0 0 0 0 0 0 
0 0 0 0 0 0 0 0 
0 0 0 0 0 0 0 0 
0 0 0 0 0 0 0 0 
8037 0 0 0 0 0 0 0 
67450 14805 0 0 0 0 0 0 
50499 28063 14805 0 0 0 0 0 
75692 45059 28063 14946 0 0 0 0 
33483 40992 45059 76627 14946 0 0 0 
71027 39536 40992 83598 76627 0 0 0 
57375 40131 39536 98900 83598 0 0 0 
40979 29687 40131 64861 98900 0 0 0 
65545 30394 29687 92974 64861 0 0 0 
43821 26838 30394 82158 92974 0 0 0 
74831 38640 26838 59523 82158 0 0 0 
65983 50995 38640 74961 59523 0 0 0 
65983 41041 50995 67771 74961 0 0 0 
65983 41041 41041 110290 67771 0 0 0 
65983 41041 41041 86748 110290 0 0 0 
65983 41041 41041 86748 86748 0 0 0 
65983 41041 41041 86748 86748 0 0 0 
65983 41041 41041 86748 86748 0 0 0 
65983 41041 41041 86748 86748 0 0 0 
65983 41041 41041 86748 86748 0 0 0 
65983 41041 41041 86748 86748 0 0 0 
65983 41041 41041 86748 86748 0 0 0 
59371 41041 41041 86748 86748 0 0 0 
41469 28861 41041 86748 86748 0 0 0 
73121 35994 28861 86748 86748 0 0 0 
61595 47845 35994 74452 86748 0 0 0 
12635 39578 47845 61513 74452 0 0 0 
36000 3563 39578 107110 61513 0 0 0 
52265 27083 3563 81947 107110 0 0 0 
31565 35196 27083 13886 81947 0 0 0 
51058 29015 35196 56369 13886 0 0 0 
6160 13909 29015 81923 56369 0 0 0 
0 6930 13909 48224 81923 0 0 0 
0 0 6930 58589 48224 0 0 0 
0 0 0 16390 58589 0 0 0 
0 0 0 0 16390 0 0 0 
0 0 0 0 0 0 0 0 
0 0 0 0 0 0 0 0 
0 0 0 0 0 0 0 0 
0 0 0 0 0 0 0 0 
0 0 0 0 0 0 0 0 
0 0 0 0 0 0 0 0 
0 0 0 0 0 0 0 0 
0 0 0 0 0 0 0 0 
0 0 0 0 0 0 0 0 
0 0 0 0 0 0 0 0 
0 0 0 0 0 0 0 0 
0 0 0 0 0 0 0 0 
0 0 0 0 0 0 0 0 
0 0 0 0 0 0 0 0 
0 0 0 0 0 0 0 0 
0 0 0 0 0 0 0 0 
0 0 0 0 0 0 0 0 
0 0 0 0 0 0 0 0 
0 0 0 0 0 0 0 0 
0 0 0 0 0 0 0 0 
0 0 0 0 0 0 0 0 
0 0 0 0 0 0 0 0 
